0.300000   1670.907397
0.310000   1616.932900
0.320000   1565.614868
0.330000   1516.669516
0.340000   1470.068955
0.350000   1425.549688
0.360000   1383.046357
0.370000   1342.439966
0.380000   1303.620223
0.390000   1266.484803
0.400000   1230.938662
0.410000   1196.893434
0.420000   1164.266882
0.430000   1132.982395
0.440000   1102.968546
0.450000   1074.158675
0.460000   1046.490527
0.470000   1019.905910
0.480000   994.350389
0.490000   969.773012
0.500000   946.126048
0.510000   923.364765
0.520000   901.447211
0.530000   880.334026
0.540000   859.988262
0.550000   840.375227
0.560000   821.462335
0.570000   803.219139
0.580000   785.648823
0.590000   768.659339
0.600000   752.258250
0.610000   736.421730
0.620000   721.127419
0.630000   706.354358
0.640000   692.082920
0.650000   678.294753
0.660000   664.972741
0.670000   652.100954
0.680000   639.664626
0.690000   627.650130
0.700000   616.044967
0.710000   604.837762
0.720000   594.018279
0.730000   583.579169
0.740000   573.509059
0.750000   563.803078
0.760000   554.455917
0.770000   545.463695
0.780000   536.824079
0.790000   528.537698
0.800000   520.603358
0.810000   513.033751
0.820000   505.818902
0.830000   498.975825
0.840000   492.516953
0.850000   486.458870
0.860000   480.823194
0.870000   475.637704
0.880000   470.939916
0.890000   466.770563
0.900000   463.193496
0.910000   460.272135
0.920000   458.104108
0.930000   456.817674
0.940000   456.551019
0.950000   457.516909
0.960000   459.986672
0.970000   464.340424
0.980000   471.052751
0.990000   480.841826
1.000000   494.716567
1.010000   514.175917
1.020000   541.445597
1.030000   580.088294
1.040000   635.944952
1.050000   719.422335
1.060000   854.260897
1.070000   1127.299655
1.080000   1886.821698
1.090000   4028.253815
1.100000   8372.037316
1.110000   13207.472353
1.120000   13022.092224
1.130000   8024.441464
1.140000   3753.412593
1.150000   1709.136308
1.160000   992.735093
1.170000   731.364180
1.180000   598.788548
1.190000   514.586361
1.200000   456.321183
1.210000   414.059500
1.220000   382.242648
1.230000   357.522822
1.240000   337.787607
1.250000   321.654646
1.260000   308.190201
1.270000   296.752413
1.280000   286.867332
1.290000   278.206551
1.300000   270.522178
1.310000   263.627607
1.320000   257.400350
1.330000   251.689442
1.340000   246.428506
1.350000   241.548723
1.360000   236.994895
1.370000   232.722308
1.380000   228.699956
1.390000   224.886583
1.400000   221.272169
1.410000   217.816828
1.420000   214.512404
1.430000   211.343901
1.440000   208.298732
1.450000   205.374877
1.460000   202.544133
1.470000   199.807741
1.480000   197.158765
1.490000   194.590316
1.500000   192.097091
1.510000   189.674144
1.520000   187.317073
1.530000   185.021944
1.540000   182.785228
1.550000   180.609503
1.560000   178.480338
1.570000   176.400928
1.580000   174.368901
1.590000   172.382090
1.600000   170.438509
1.610000   168.540170
1.620000   166.677687
1.630000   164.853376
1.640000   163.065798
1.650000   161.313615
1.660000   159.595585
1.670000   157.910548
1.680000   156.263689
1.690000   154.641408
1.700000   153.049805
1.710000   151.486508
1.720000   149.951419
1.730000   148.443743
1.740000   146.962733
1.750000   145.507681
1.760000   144.077922
1.770000   142.672822
1.780000   141.303788
1.790000   139.950289
1.800000   138.615593
1.810000   137.303349
1.820000   136.013076
1.830000   134.749402
1.840000   133.501694
1.850000   132.274661
1.860000   131.073136
1.870000   129.886289
1.880000   128.719030
1.890000   127.572431
1.900000   126.443401
1.910000   125.333062
1.920000   124.241157
1.930000   123.169354
1.940000   122.113621
1.950000   121.075680
1.960000   120.055362
1.970000   119.052519
1.980000   118.067029
1.990000   117.098796
2.000000   116.147751
2.010000   115.213851
2.020000   114.300445
2.030000   113.400822
2.040000   112.519174
2.050000   111.654084
2.060000   110.806456
2.070000   109.976480
2.080000   109.164400
2.090000   108.371024
2.100000   107.595711
2.110000   106.839416
2.120000   106.102671
2.130000   105.386104
2.140000   104.694003
2.150000   104.020128
2.160000   103.373424
2.170000   102.748336
2.180000   102.146643
2.190000   101.571984
2.200000   101.026275
2.210000   100.511763
2.220000   100.031093
2.230000   99.587390
2.240000   99.184356
2.250000   98.826395
2.260000   98.518774
2.270000   98.267823
2.280000   98.081195
2.290000   97.971969
2.300000   97.944005
2.310000   98.015194
2.320000   98.203109
2.330000   98.529865
2.340000   99.024819
2.350000   99.721693
2.360000   100.671346
2.370000   101.931367
2.380000   103.588242
2.390000   105.756303
2.400000   108.596330
2.410000   112.337874
2.420000   117.318160
2.430000   124.048055
2.440000   133.330031
2.450000   146.490209
2.460000   166.016613
2.470000   198.525160
2.480000   268.828657
2.490000   459.897255
2.500000   939.463582
2.510000   1807.792202
2.520000   2704.629759
2.530000   2685.543181
2.540000   1769.795693
2.550000   906.801444
2.560000   437.693983
2.570000   252.283877
2.580000   183.717802
2.590000   151.500118
2.600000   131.824290
2.610000   118.316024
2.620000   108.551565
2.630000   101.240392
2.640000   95.598639
2.650000   91.131989
2.660000   87.516600
2.670000   84.532183
2.680000   82.024754
2.690000   79.884972
2.700000   78.033081
2.710000   76.410565
2.720000   74.971569
2.730000   73.684695
2.740000   72.519310
2.750000   71.456748
2.760000   70.480534
2.770000   69.579291
2.780000   68.738671
2.790000   67.951791
2.800000   67.215388
2.810000   66.520564
2.820000   65.858936
2.830000   65.226399
2.840000   64.621859
2.850000   64.042331
2.860000   63.485266
2.870000   62.948475
2.880000   62.430074
2.890000   61.928502
2.900000   61.442193
2.910000   60.969981
2.920000   60.510779
2.930000   60.063635
2.940000   59.627706
2.950000   59.202247
2.960000   58.788681
2.970000   58.384262
2.980000   57.986519
2.990000   57.597008
3.000000   57.217549
3.010000   56.843280
3.020000   56.478184
3.030000   56.118645
3.040000   55.764796
3.050000   55.417231
3.060000   55.075733
3.070000   54.740105
3.080000   54.410173
3.090000   54.087394
3.100000   53.768400
3.110000   53.454687
3.120000   53.146152
3.130000   52.842704
3.140000   52.544270
3.150000   52.250788
3.160000   51.962212
3.170000   51.679862
3.180000   51.401015
3.190000   51.127024
3.200000   50.857902
3.210000   50.593681
3.220000   50.334409
3.230000   50.080343
3.240000   49.831460
3.250000   49.587533
3.260000   49.349047
3.270000   49.117598
3.280000   48.890304
3.290000   48.669000
3.300000   48.455518
3.310000   48.248580
3.320000   48.047254
3.330000   47.853487
3.340000   47.667880
3.350000   47.491149
3.360000   47.325892
3.370000   47.169990
3.380000   47.025841
3.390000   46.895318
3.400000   46.780359
3.410000   46.683698
3.420000   46.609291
3.430000   46.558293
3.440000   46.538895
3.450000   46.554526
3.460000   46.615668
3.470000   46.734343
3.480000   46.927289
3.490000   47.218277
3.500000   47.641991
3.510000   48.250629
3.520000   49.125854
3.530000   50.405474
3.540000   52.379239
3.550000   55.922485
3.560000   64.073691
3.570000   85.006794
3.580000   131.472990
3.590000   206.766484
3.600000   278.688396
3.610000   277.520829
3.620000   204.387776
3.630000   129.462873
3.640000   83.903810
3.650000   63.716844
3.660000   56.119758
3.670000   53.138949
3.680000   51.906312
3.690000   51.735352
3.700000   52.839655
3.710000   56.756529
3.720000   67.751746
3.730000   92.294044
3.740000   131.693100
3.750000   169.024380
3.760000   168.598060
3.770000   130.975360
3.780000   92.090969
3.790000   68.359033
3.800000   58.108148
3.810000   54.837911
3.820000   54.354754
3.830000   55.145667
3.840000   56.890417
3.850000   59.667044
3.860000   63.767856
3.870000   69.773907
3.880000   78.976620
3.890000   95.338851
3.900000   131.960060
3.910000   222.484380
3.920000   419.059922
3.930000   741.237080
3.940000   1076.406851
3.950000   1153.338197
3.960000   899.234840
3.970000   550.617923
3.980000   295.478596
3.990000   162.001233
4.000000   104.811145
4.010000   80.675961
4.020000   68.413982
4.030000   60.727861
4.040000   55.345139
4.050000   51.384391
4.060000   48.380530
4.070000   46.047584
4.080000   44.199207
4.090000   42.709795
4.100000   41.492917
4.110000   40.485978
4.120000   39.644998
4.130000   38.937316
4.140000   38.338637
4.150000   37.831134
4.160000   37.400235
4.170000   37.038121
4.180000   36.732858
4.190000   36.481038
4.200000   36.278968
4.210000   36.124616
4.220000   36.018485
4.230000   35.961108
4.240000   35.954947
4.250000   36.007186
4.260000   36.127984
4.270000   36.333723
4.280000   36.653084
4.290000   37.151178
4.300000   38.027973
4.310000   39.888491
4.320000   44.104228
4.330000   52.416564
4.340000   64.785742
4.350000   76.117320
4.360000   76.664420
4.370000   66.605503
4.380000   55.835393
4.390000   49.419690
4.400000   47.417412
4.410000   48.239839
4.420000   50.799388
4.430000   54.972493
4.440000   61.684282
4.450000   74.388581
4.460000   103.630025
4.470000   172.493318
4.480000   309.053759
4.490000   510.487052
4.500000   690.516536
4.510000   688.376388
4.520000   506.354253
4.530000   306.424307
4.540000   172.916411
4.550000   106.995052
4.560000   80.263393
4.570000   69.991447
4.580000   65.999839
4.590000   65.087012
4.600000   66.491380
4.610000   70.321250
4.620000   77.603814
4.630000   91.975011
4.640000   124.338058
4.650000   198.705591
4.660000   346.623921
4.670000   574.284824
4.680000   809.176680
4.690000   896.299977
4.700000   802.322076
4.710000   685.769448
4.720000   669.892879
4.730000   713.811445
4.740000   663.659765
4.750000   494.337052
4.760000   326.839412
4.770000   231.768963
4.780000   208.868510
4.790000   216.375910
4.800000   202.104978
4.810000   156.870214
4.820000   109.650784
4.830000   76.968226
4.840000   59.314507
4.850000   50.932640
4.860000   46.897381
4.870000   44.929724
4.880000   44.656508
4.890000   47.199497
4.900000   55.252713
4.910000   71.764919
4.920000   95.744658
4.930000   116.710561
4.940000   116.407340
4.950000   95.131490
4.960000   71.415337
4.970000   55.870026
4.980000   50.354966
4.990000   54.802596
5.000000   72.215807
5.010000   107.190556
5.020000   156.969423
5.030000   199.904246
5.040000   199.023620
5.050000   154.791993
5.060000   104.396521
5.070000   68.911583
5.080000   50.197048
5.090000   42.139565
5.100000   38.988651
5.110000   37.819259
5.120000   37.596103
5.130000   38.042390
5.140000   39.133345
5.150000   40.977317
5.160000   43.879227
5.170000   48.722366
5.180000   58.223805
5.190000   79.487500
5.200000   125.582562
5.210000   209.241313
5.220000   324.493874
5.230000   423.611292
5.240000   426.489494
5.250000   333.832858
5.260000   226.271151
5.270000   153.921648
5.280000   130.768558
5.290000   157.938988
5.300000   235.540248
5.310000   351.933641
5.320000   462.105244
5.330000   496.406978
5.340000   465.222370
5.350000   442.536078
5.360000   436.719441
5.370000   390.245250
5.380000   292.047194
5.390000   194.464391
5.400000   129.555309
5.410000   98.915552
5.420000   87.601913
5.430000   78.242257
5.440000   64.961218
5.450000   52.032985
5.460000   42.625849
5.470000   36.972345
5.480000   33.893572
5.490000   32.204874
5.500000   31.240343
5.510000   30.736715
5.520000   30.623403
5.530000   30.923246
5.540000   31.766627
5.550000   33.574037
5.560000   37.602888
5.570000   46.893538
5.580000   66.540721
5.590000   100.854827
5.600000   146.542971
5.610000   184.846650
5.620000   186.316200
5.630000   152.683521
5.640000   117.328169
5.650000   104.172951
5.660000   120.610957
5.670000   158.572684
5.680000   193.200148
5.690000   190.473031
5.700000   149.553187
5.710000   101.320814
5.720000   65.119667
5.730000   44.201838
5.740000   34.027557
5.750000   29.287638
5.760000   26.802472
5.770000   25.236651
5.780000   24.122754
5.790000   23.287259
5.800000   22.645400
5.810000   22.147331
5.820000   21.760277
5.830000   21.462198
5.840000   21.238283
5.850000   21.079258
5.860000   20.978521
5.870000   20.933577
5.880000   20.945102
5.890000   21.014758
5.900000   21.148884
5.910000   21.356899
5.920000   21.652945
5.930000   22.057685
5.940000   22.601236
5.950000   23.328439
5.960000   24.307028
5.970000   25.657861
5.980000   27.648340
5.990000   31.017982
6.000000   37.775131
6.010000   52.323301
6.020000   81.301498
6.030000   129.396128
6.040000   190.860026
6.050000   240.402644
6.060000   240.271633
6.070000   190.982860
6.080000   130.732635
6.090000   84.625516
6.100000   58.301092
6.110000   47.689424
6.120000   48.298745
6.130000   60.361933
6.140000   88.617860
6.150000   136.873312
6.160000   198.834510
6.170000   248.926299
6.180000   249.471743
6.190000   200.661654
6.200000   139.631907
6.210000   90.345925
6.220000   58.594913
6.230000   41.131991
6.240000   32.214982
6.250000   27.560417
6.260000   24.908234
6.270000   23.230289
6.280000   22.077315
6.290000   21.248527
6.300000   20.648170
6.310000   20.224953
6.320000   19.951363
6.330000   19.812575
6.340000   19.806915
6.350000   19.946733
6.360000   20.264047
6.370000   20.826411
6.380000   21.802712
6.390000   23.668717
6.400000   27.644173
6.410000   36.188707
6.420000   52.672129
6.430000   79.039404
6.440000   111.676725
6.450000   137.248202
6.460000   136.823992
6.470000   110.633791
6.480000   77.786449
6.490000   51.462996
6.500000   35.068350
6.510000   26.545027
6.520000   22.511811
6.530000   20.534457
6.540000   19.415291
6.550000   18.687308
6.560000   18.180796
6.570000   17.825157
6.580000   17.583031
6.590000   17.432682
6.600000   17.360956
6.610000   17.361269
6.620000   17.432401
6.630000   17.576707
6.640000   17.803434
6.650000   18.124360
6.660000   18.561828
6.670000   19.149069
6.680000   19.937152
6.690000   21.024838
6.700000   22.637330
6.710000   25.360653
6.720000   30.583479
6.730000   40.920720
6.740000   59.772298
6.750000   89.157430
6.760000   126.279688
6.770000   160.237297
6.780000   176.004719
6.790000   175.550790
6.800000   174.237775
6.810000   174.155028
6.820000   163.028191
6.830000   136.902937
6.840000   104.663191
6.850000   75.231514
6.860000   54.402491
6.870000   42.955885
6.880000   38.305370
6.890000   36.645531
6.900000   34.459599
6.910000   30.783882
6.920000   26.904361
6.930000   23.903631
6.940000   22.102519
6.950000   21.350591
6.960000   21.382931
6.970000   22.088129
6.980000   23.708947
6.990000   27.139195
7.000000   34.343850
7.010000   48.429528
7.020000   72.405049
7.030000   106.102410
7.040000   142.120315
7.050000   164.164888
7.060000   157.019978
7.070000   125.681949
7.080000   89.159340
7.090000   60.048818
7.100000   41.698481
7.110000   32.248950
7.120000   28.539798
7.130000   28.562111
7.140000   32.285473
7.150000   41.474275
7.160000   58.559959
7.170000   84.252071
7.180000   114.411190
7.190000   137.161540
7.200000   136.976759
7.210000   114.082312
7.220000   84.166346
7.230000   58.763743
7.240000   41.348849
7.250000   30.912874
7.260000   25.159763
7.270000   22.065367
7.280000   20.385645
7.290000   19.491668
7.300000   19.078575
7.310000   19.005114
7.320000   19.230057
7.330000   19.811218
7.340000   20.962853
7.350000   23.169759
7.360000   27.259364
7.370000   34.236825
7.380000   44.784572
7.390000   58.647392
7.400000   74.128997
7.410000   89.235087
7.420000   106.075680
7.430000   128.132956
7.440000   151.416360
7.450000   163.381167
7.460000   154.638579
7.470000   132.546542
7.480000   113.676984
7.490000   108.421597
7.500000   117.283871
7.510000   131.760153
7.520000   139.122653
7.530000   135.096039
7.540000   123.242650
7.550000   104.459573
7.560000   81.856819
7.570000   62.200128
7.580000   49.476086
7.590000   44.024898
7.600000   43.712356
7.610000   44.709274
7.620000   43.013135
7.630000   37.920481
7.640000   31.859129
7.650000   26.915128
7.660000   23.994990
7.670000   23.378303
7.680000   25.436429
7.690000   31.116896
7.700000   41.721181
7.710000   57.768467
7.720000   77.270234
7.730000   94.104718
7.740000   99.501561
7.750000   90.738612
7.760000   75.010937
7.770000   61.770205
7.780000   56.621242
7.790000   60.444962
7.800000   69.869617
7.810000   77.755987
7.820000   76.156128
7.830000   64.508897
7.840000   49.354598
7.850000   36.062986
7.860000   26.705742
7.870000   21.111879
7.880000   18.138729
7.890000   16.643393
7.900000   15.885726
7.910000   15.500246
7.920000   15.341211
7.930000   15.362223
7.940000   15.569080
7.950000   16.023953
7.960000   16.908553
7.970000   18.654529
7.980000   22.097687
7.990000   28.464657
8.000000   38.900243
8.010000   53.453181
8.020000   69.820040
8.030000   82.324930
8.040000   84.127090
8.050000   75.314966
8.060000   62.614773
8.070000   50.935218
8.080000   41.545474
8.090000   34.526542
8.100000   30.129509
8.110000   28.594592
8.120000   30.467732
8.130000   36.930326
8.140000   49.648875
8.150000   69.956349
8.160000   97.240224
8.170000   126.827695
8.180000   150.179166
8.190000   160.053967
8.200000   153.288099
8.210000   134.428496
8.220000   113.916431
8.230000   99.369152
8.240000   92.819962
8.250000   90.591072
8.260000   86.781682
8.270000   80.921377
8.280000   78.383850
8.290000   83.605922
8.300000   96.817607
8.310000   112.989809
8.320000   123.473579
8.330000   122.228966
8.340000   108.156305
8.350000   85.641261
8.360000   62.555080
8.370000   44.025096
8.380000   31.368735
8.390000   23.706826
8.400000   19.419550
8.410000   17.061452
8.420000   15.694200
8.430000   14.827947
8.440000   14.242553
8.450000   13.846357
8.460000   13.602036
8.470000   13.500383
8.480000   13.559178
8.490000   13.847960
8.500000   14.549553
8.510000   16.062030
8.520000   19.084064
8.530000   24.532073
8.540000   33.115081
8.550000   44.580427
8.560000   56.852484
8.570000   65.424191
8.580000   65.204165
8.590000   56.277691
8.600000   43.818518
8.610000   32.296227
8.620000   23.710895
8.630000   18.257772
8.640000   15.205099
8.650000   13.645644
8.660000   12.916083
8.670000   12.671973
8.680000   12.792456
8.690000   13.250256
8.700000   14.002786
8.710000   14.916097
8.720000   15.732012
8.730000   16.216190
8.740000   16.567234
8.750000   17.414736
8.760000   19.360259
8.770000   22.662007
8.780000   26.995564
8.790000   31.330979
8.800000   34.092886
8.810000   33.844783
8.820000   30.950234
8.830000   27.470531
8.840000   25.238971
8.850000   25.210681
8.860000   27.573408
8.870000   31.877822
8.880000   37.276828
8.890000   42.960073
8.900000   48.359034
8.910000   53.505132
8.920000   58.508583
8.930000   62.889893
8.940000   67.148240
8.950000   72.413754
8.960000   77.850266
8.970000   81.102098
8.980000   82.096914
8.990000   82.800778
9.000000   83.059910
9.010000   80.632229
9.020000   75.394936
9.030000   69.450033
9.040000   63.181588
9.050000   55.123122
9.060000   45.249269
9.070000   35.503242
9.080000   27.455846
9.090000   21.636140
9.100000   17.882044
9.110000   15.695863
9.120000   14.539653
9.130000   14.021818
9.140000   13.944002
9.150000   14.268093
9.160000   15.046308
9.170000   16.340907
9.180000   18.144972
9.190000   20.325915
9.200000   22.615621
9.210000   24.845809
9.220000   27.485921
9.230000   31.491965
9.240000   37.522296
9.250000   45.543135
9.260000   54.737345
9.270000   64.191039
9.280000   74.598825
9.290000   87.336734
9.300000   101.202871
9.310000   111.041726
9.320000   110.725034
9.330000   100.809355
9.340000   88.598389
9.350000   80.577042
9.360000   79.237118
9.370000   83.140073
9.380000   88.273959
9.390000   90.800329
9.400000   88.875331
9.410000   84.010016
9.420000   79.718342
9.430000   77.449100
9.440000   75.192436
9.450000   69.490280
9.460000   59.779073
9.470000   48.831683
9.480000   39.430756
9.490000   33.211266
9.500000   30.853107
9.510000   32.206697
9.520000   36.390168
9.530000   41.805477
9.540000   46.108173
9.550000   47.107026
9.560000   44.993592
9.570000   42.120000
9.580000   40.405472
9.590000   40.240582
9.600000   40.601131
9.610000   40.050720
9.620000   38.658807
9.630000   38.098310
9.640000   39.864084
9.650000   44.283043
9.660000   50.211838
9.670000   54.998484
9.680000   55.724874
9.690000   52.071486
9.700000   46.576918
9.710000   42.366848
9.720000   42.111452
9.730000   47.677770
9.740000   59.788924
9.750000   77.556800
9.760000   97.869593
9.770000   114.940969
9.780000   122.288459
9.790000   118.561822
9.800000   108.978480
9.810000   99.537677
9.820000   92.685139
9.830000   87.606894
9.840000   83.044228
9.850000   78.022616
9.860000   71.214505
9.870000   62.701690
9.880000   54.115680
9.890000   46.661076
9.900000   40.877176
9.910000   36.837840
9.920000   33.846881
9.930000   30.860963
9.940000   27.624919
9.950000   24.843096
9.960000   23.361058
9.970000   23.750496
9.980000   26.195085
9.990000   30.360841
10.000000   35.248862
10.010000   39.127241
10.020000   40.185666
10.030000   38.091548
10.040000   34.110423
10.050000   29.863604
10.060000   26.674040
10.070000   25.334674
10.080000   26.191432
10.090000   29.436722
10.100000   35.377607
10.110000   44.213161
10.120000   55.342013
10.130000   66.779142
10.140000   75.478954
10.150000   78.801621
10.160000   75.368633
10.170000   65.889810
10.180000   53.399522
10.190000   41.255840
10.200000   31.528178
10.210000   24.974987
10.220000   21.585600
10.230000   21.056276
10.240000   23.046757
10.250000   27.175812
10.260000   32.832285
10.270000   38.915597
10.280000   43.696393
10.290000   45.571944
10.300000   44.813182
10.310000   43.387381
10.320000   42.884779
10.330000   43.512230
10.340000   44.295995
10.350000   43.852220
10.360000   41.145839
10.370000   36.298559
10.380000   30.522015
10.390000   25.115365
10.400000   20.970601
10.410000   18.544454
10.420000   17.983513
10.430000   19.244751
10.440000   22.111197
10.450000   26.099920
10.460000   30.307070
10.470000   33.319521
10.480000   33.751017
10.490000   31.481847
10.500000   27.708874
10.510000   23.827033
10.520000   20.875385
10.530000   19.465611
10.540000   19.856266
10.550000   22.058681
10.560000   25.901379
10.570000   30.996151
10.580000   36.636033
10.590000   42.008306
10.600000   46.808082
10.610000   50.962147
10.620000   53.603224
10.630000   53.273250
10.640000   49.617752
10.650000   44.131100
10.660000   38.897697
10.670000   35.420571
10.680000   34.447781
10.690000   36.061964
10.700000   39.720024
10.710000   44.478508
10.720000   49.437886
10.730000   54.280398
10.740000   59.891820
10.750000   67.891671
10.760000   79.114885
10.770000   92.969167
10.780000   107.737348
10.790000   120.203155
10.800000   125.592031
10.810000   120.387412
10.820000   105.482006
10.830000   85.520530
10.840000   65.565141
10.850000   48.853006
10.860000   36.622562
10.870000   28.768148
10.880000   24.560890
10.890000   23.245014
10.900000   24.393168
10.910000   27.932869
10.920000   33.910239
10.930000   42.166082
10.940000   51.999605
10.950000   61.906380
10.960000   69.899468
10.970000   74.835343
10.980000   77.138552
10.990000   77.524302
11.000000   75.847595
11.010000   71.715035
11.020000   65.156381
11.030000   56.985109
11.040000   48.848357
11.050000   42.301216
11.060000   38.003419
11.070000   35.615943
11.080000   34.042164
11.090000   32.086029
11.100000   29.447529
11.110000   26.796215
11.120000   24.928536
11.130000   24.271097
11.140000   24.790260
11.150000   25.990336
11.160000   26.996367
11.170000   26.990773
11.180000   25.953840
11.190000   24.673742
11.200000   24.040083
11.210000   24.652300
11.220000   26.763947
11.230000   30.325744
11.240000   35.106673
11.250000   40.729945
11.260000   46.499673
11.270000   51.519936
11.280000   55.254725
11.290000   57.392178
11.300000   57.408078
11.310000   55.260873
11.320000   52.047648
11.330000   49.231255
11.340000   47.527659
11.350000   46.624337
11.360000   45.771199
11.370000   44.855688
11.380000   44.587616
11.390000   45.575823
11.400000   47.609424
11.410000   49.582247
11.420000   50.048132
11.430000   48.080953
11.440000   43.634042
11.450000   37.569553
11.460000   31.305247
11.470000   26.059074
11.480000   22.527644
11.490000   20.961168
11.500000   21.293079
11.510000   23.224212
11.520000   26.238072
11.530000   29.597403
11.540000   32.531377
11.550000   34.597510
11.560000   35.636969
11.570000   35.600567
11.580000   34.853138
11.590000   34.084952
11.600000   33.708434
11.610000   33.611162
11.620000   33.206694
11.630000   31.806166
11.640000   29.348725
11.650000   26.449643
11.660000   23.723207
11.670000   21.438354
11.680000   19.642784
11.690000   18.432303
11.700000   18.012567
11.710000   18.546373
11.720000   20.049374
11.730000   22.354206
11.740000   25.070341
11.750000   27.590686
11.760000   29.379375
11.770000   30.498643
11.780000   31.592360
11.790000   33.324211
11.800000   36.082343
11.810000   40.141546
11.820000   45.978111
11.830000   54.051735
11.840000   64.109229
11.850000   74.684757
11.860000   83.044661
11.870000   86.237693
11.880000   83.392971
11.890000   76.605142
11.900000   69.090008
11.910000   63.206584
11.920000   59.924613
11.930000   59.029691
11.940000   59.324861
11.950000   59.055084
11.960000   56.835650
11.970000   52.276903
11.980000   45.799282
11.990000   38.361409
12.000000   31.142650
12.010000   25.031260
12.020000   20.434730
12.030000   17.397820
12.040000   15.765177
12.050000   15.301997
12.060000   15.767110
12.070000   16.943587
12.080000   18.637262
12.090000   20.673884
12.100000   22.989377
12.110000   25.777107
12.120000   29.370405
12.130000   33.880726
12.140000   38.960956
12.150000   43.801968
12.160000   47.344781
12.170000   48.812521
12.180000   48.429565
12.190000   47.232089
12.200000   46.016082
12.210000   44.781711
12.220000   42.999892
12.230000   40.406675
12.240000   37.553051
12.250000   35.475543
12.260000   35.039627
12.270000   36.611202
12.280000   39.958131
12.290000   44.235255
12.300000   48.207148
12.310000   50.700862
12.320000   50.898767
12.330000   48.577888
12.340000   44.269347
12.350000   38.948954
12.360000   33.665222
12.370000   29.309707
12.380000   26.402221
12.390000   25.033493
12.400000   24.959822
12.410000   25.801423
12.420000   27.268191
12.430000   29.140891
12.440000   31.067820
12.450000   32.607942
12.460000   33.503094
12.470000   33.665366
12.480000   33.031275
12.490000   31.714598
12.500000   29.970227
12.510000   27.869297
12.520000   25.327526
12.530000   22.482290
12.540000   19.774720
12.550000   17.675365
12.560000   16.527695
12.570000   16.553968
12.580000   17.870107
12.590000   20.465066
12.600000   24.151591
12.610000   28.498088
12.620000   32.798467
12.630000   36.232629
12.640000   38.203998
12.650000   38.534349
12.660000   37.544209
12.670000   36.035565
12.680000   34.901994
12.690000   34.643960
12.700000   35.195515
12.710000   36.101466
12.720000   36.835311
12.730000   36.858107
12.740000   35.593186
12.750000   32.769125
12.760000   28.718404
12.770000   24.163965
12.780000   19.796777
12.790000   16.056067
12.800000   13.124429
12.810000   10.997262
12.820000   9.559799
12.830000   8.656925
12.840000   8.144852
12.850000   7.921417
12.860000   7.937471
12.870000   8.197145
12.880000   8.752067
12.890000   9.691177
12.900000   11.122829
12.910000   13.146231
12.920000   15.803613
12.930000   19.015859
12.940000   22.528365
12.950000   25.940945
12.960000   28.796350
12.970000   30.574024
12.980000   30.753199
12.990000   29.197914
13.000000   26.429578
13.010000   23.349280
13.020000   20.787565
13.030000   19.310791
13.040000   19.212245
13.050000   20.527121
13.060000   23.030080
13.070000   26.221986
13.080000   29.343658
13.090000   31.519592
13.100000   32.047069
13.110000   30.676563
13.120000   27.791074
13.130000   24.237182
13.140000   20.865221
13.150000   18.266529
13.160000   16.759952
13.170000   16.444019
13.180000   17.239807
13.190000   18.917734
13.200000   21.124549
13.210000   23.454859
13.220000   25.544464
13.230000   27.085298
13.240000   27.893215
13.250000   28.111048
13.260000   28.141504
13.270000   28.277452
13.280000   28.483732
13.290000   28.483624
13.300000   28.005896
13.310000   26.972958
13.320000   25.570250
13.330000   24.155240
13.340000   23.079182
13.350000   22.615354
13.360000   22.916640
13.370000   23.930450
13.380000   25.388257
13.390000   26.866771
13.400000   27.830941
13.410000   27.771181
13.420000   26.529767
13.430000   24.446028
13.440000   22.082317
13.450000   19.878106
13.460000   18.014110
13.470000   16.443192
13.480000   15.023989
13.490000   13.694947
13.500000   12.523724
13.510000   11.627983
13.520000   11.121581
13.530000   11.116983
13.540000   11.737931
13.550000   13.121984
13.560000   15.408763
13.570000   18.709531
13.580000   23.051265
13.590000   28.298748
13.600000   34.092916
13.610000   39.885154
13.620000   45.032114
13.630000   48.811322
13.640000   50.558291
13.650000   50.060132
13.660000   47.654756
13.670000   43.906821
13.680000   39.403531
13.690000   34.739875
13.700000   30.498062
13.710000   27.156454
13.720000   24.958442
13.730000   23.864240
13.740000   23.599667
13.750000   23.758420
13.760000   23.954277
13.770000   23.960495
13.780000   23.704366
13.790000   23.211079
13.800000   22.645664
13.810000   22.284005
13.820000   22.338682
13.830000   22.819150
13.840000   23.516751
13.850000   24.117482
13.860000   24.376743
13.870000   24.194675
13.880000   23.621552
13.890000   22.912572
13.900000   22.472621
13.910000   22.650250
13.920000   23.582601
13.930000   25.145418
13.940000   26.972534
13.950000   28.566917
13.960000   29.470354
13.970000   29.374641
13.980000   28.192948
13.990000   26.123232
14.000000   23.615017
14.010000   21.206099
14.020000   19.342626
14.030000   18.306067
14.040000   18.225815
14.050000   19.117895
14.060000   20.938476
14.070000   23.629770
14.080000   27.091856
14.090000   31.103245
14.100000   35.304509
14.110000   39.269393
14.120000   42.571630
14.130000   44.846828
14.140000   45.882870
14.150000   45.650899
14.160000   44.282492
14.170000   42.027142
14.180000   39.217088
14.190000   36.247614
14.200000   33.488053
14.210000   31.174006
14.220000   29.359597
14.230000   27.965679
14.240000   26.897512
14.250000   26.090219
14.260000   25.502681
14.270000   25.160737
14.280000   25.138783
14.290000   25.450621
14.300000   26.012122
14.310000   26.710384
14.320000   27.476467
14.330000   28.301945
14.340000   29.158899
14.350000   29.875176
14.360000   30.150748
14.370000   29.768745
14.380000   28.780479
14.390000   27.435037
14.400000   26.003643
14.410000   24.726747
14.420000   23.805230
14.430000   23.344205
14.440000   23.296690
14.450000   23.451672
14.460000   23.508950
14.470000   23.223263
14.480000   22.503752
14.490000   21.426484
14.500000   20.174720
14.510000   18.939036
14.520000   17.872714
14.530000   17.124535
14.540000   16.849357
14.550000   17.164509
14.560000   18.121854
14.570000   19.727484
14.580000   21.976139
14.590000   24.838675
14.600000   28.198992
14.610000   31.793886
14.620000   35.213092
14.630000   37.993426
14.640000   39.778944
14.650000   40.454991
14.660000   40.084334
14.670000   38.741865
14.680000   36.510473
14.690000   33.569313
14.700000   30.229763
14.710000   26.879098
14.720000   23.866359
14.730000   21.414550
14.740000   19.585146
14.750000   18.294719
14.760000   17.376376
14.770000   16.665843
14.780000   16.075370
14.790000   15.587230
14.800000   15.176519
14.810000   14.764985
14.820000   14.241117
14.830000   13.531385
14.840000   12.673784
14.850000   11.812875
14.860000   11.119234
14.870000   10.728812
14.880000   10.727758
14.890000   11.153105
14.900000   11.993657
14.910000   13.186388
14.920000   14.610801
14.930000   16.101261
14.940000   17.511179
14.950000   18.793915
14.960000   19.980356
14.970000   21.059884
14.980000   21.906195
14.990000   22.333828
15.000000   22.254670
15.010000   21.786986
15.020000   21.199639
15.030000   20.780308
15.040000   20.756667
15.050000   21.255367
15.060000   22.259289
15.070000   23.592784
15.080000   24.966840
15.090000   26.072757
15.100000   26.681427
15.110000   26.731999
15.120000   26.350681
15.130000   25.753254
15.140000   25.142707
15.150000   24.690377
15.160000   24.520235
15.170000   24.669299
15.180000   25.075617
15.190000   25.578707
15.200000   25.942392
15.210000   25.965083
15.220000   25.605223
15.230000   24.973851
15.240000   24.237645
15.250000   23.565030
15.260000   23.087522
15.270000   22.848559
15.280000   22.800835
15.290000   22.864783
15.300000   22.993555
15.310000   23.195521
15.320000   23.513055
15.330000   23.963466
15.340000   24.477035
15.350000   24.904548
15.360000   25.093708
15.370000   24.952006
15.380000   24.452523
15.390000   23.612099
15.400000   22.484418
15.410000   21.167196
15.420000   19.788584
15.430000   18.455868
15.440000   17.205847
15.450000   16.019711
15.460000   14.884202
15.470000   13.814507
15.480000   12.835209
15.490000   11.974140
15.500000   11.257310
15.510000   10.691738
15.520000   10.261607
15.530000   9.947245
15.540000   9.742953
15.550000   9.665377
15.560000   9.754489
15.570000   10.060680
15.580000   10.618284
15.590000   11.421804
15.600000   12.414668
15.610000   13.494554
15.620000   14.541462
15.630000   15.450578
15.640000   16.142246
15.650000   16.567613
15.660000   16.736826
15.670000   16.733753
15.680000   16.668458
15.690000   16.599814
15.700000   16.502097
15.710000   16.308681
15.720000   16.001731
15.730000   15.658970
15.740000   15.406548
15.750000   15.335857
15.760000   15.456902
15.770000   15.702285
15.780000   15.972399
15.790000   16.197763
15.800000   16.379178
15.810000   16.595013
15.820000   16.982386
15.830000   17.691837
15.840000   18.825484
15.850000   20.380844
15.860000   22.216199
15.870000   24.046881
15.880000   25.490090
15.890000   26.178523
15.900000   25.907585
15.910000   24.713024
15.920000   22.819246
15.930000   20.530033
15.940000   18.147395
15.950000   15.927237
15.960000   14.055142
15.970000   12.637042
15.980000   11.706414
15.990000   11.237070
16.000000   11.153767
16.010000   11.342801
16.020000   11.663820
16.030000   11.963776
16.040000   12.109152
16.050000   12.035416
16.060000   11.762428
16.070000   11.355581
16.080000   10.879303
16.090000   10.382255
16.100000   9.904059
16.110000   9.489372
16.120000   9.200098
16.130000   9.107199
16.140000   9.266576
16.150000   9.698678
16.160000   10.379724
16.170000   11.237911
16.180000   12.151469
16.190000   12.962416
16.200000   13.523365
16.210000   13.768129
16.220000   13.742273
16.230000   13.562670
16.240000   13.345022
16.250000   13.156766
16.260000   13.006037
16.270000   12.850243
16.280000   12.619725
16.290000   12.256367
16.300000   11.741609
16.310000   11.102676
16.320000   10.402211
16.330000   9.714899
16.340000   9.100669
16.350000   8.590033
16.360000   8.185397
16.370000   7.875078
16.380000   7.648273
16.390000   7.504392
16.400000   7.451597
16.410000   7.494587
16.420000   7.622381
16.430000   7.802965
16.440000   7.990849
16.450000   8.150310
16.460000   8.280939
16.470000   8.417172
16.480000   8.604015
16.490000   8.880625
16.500000   9.278644
16.510000   9.819973
16.520000   10.511824
16.530000   11.351390
16.540000   12.338217
16.550000   13.473943
16.560000   14.746830
16.570000   16.116280
16.580000   17.505468
16.590000   18.802646
16.600000   19.869994
16.610000   20.561986
16.620000   20.744907
16.630000   20.319968
16.640000   19.272697
16.650000   17.727000
16.660000   15.920870
16.670000   14.107834
16.680000   12.479500
16.690000   11.146043
16.700000   10.148591
16.710000   9.477721
16.720000   9.090249
16.730000   8.926420
16.740000   8.926800
16.750000   9.040062
16.760000   9.222985
16.770000   9.440946
16.780000   9.666031
16.790000   9.876017
16.800000   10.056382
16.810000   10.193595
16.820000   10.264697
16.830000   10.243799
16.840000   10.121032
16.850000   9.905712
16.860000   9.615026
16.870000   9.268878
16.880000   8.888490
16.890000   8.493566
16.900000   8.105460
16.910000   7.755133
16.920000   7.480150
16.930000   7.311608
16.940000   7.264994
16.950000   7.339094
16.960000   7.516201
16.970000   7.760803
16.980000   8.024083
16.990000   8.254944
17.000000   8.415114
17.010000   8.490676
17.020000   8.494026
17.030000   8.452260
17.040000   8.393154
17.050000   8.338239
17.060000   8.308692
17.070000   8.336124
17.080000   8.462691
17.090000   8.727708
17.100000   9.154730
17.110000   9.746424
17.120000   10.483742
17.130000   11.324429
17.140000   12.202162
17.150000   13.034199
17.160000   13.740178
17.170000   14.264403
17.180000   14.594273
17.190000   14.763871
17.200000   14.830200
17.210000   14.831188
17.220000   14.756869
17.230000   14.556614
17.240000   14.180496
17.250000   13.623509
17.260000   12.939696
17.270000   12.221977
17.280000   11.565854
17.290000   11.037669
17.300000   10.660425
17.310000   10.418840
17.320000   10.280126
17.330000   10.217337
17.340000   10.215902
17.350000   10.268992
17.360000   10.376558
17.370000   10.550310
17.380000   10.812609
17.390000   11.183163
17.400000   11.657997
17.410000   12.200764
17.420000   12.755588
17.430000   13.271830
17.440000   13.712790
17.450000   14.038423
17.460000   14.190379
17.470000   14.109121
17.480000   13.777206
17.490000   13.244304
17.500000   12.610198
17.510000   11.986587
17.520000   11.467007
17.530000   11.111030
17.540000   10.935913
17.550000   10.914350
17.560000   10.984877
17.570000   11.077680
17.580000   11.143966
17.590000   11.164219
17.600000   11.135013
17.610000   11.053259
17.620000   10.907175
17.630000   10.676660
17.640000   10.344182
17.650000   9.907338
17.660000   9.387669
17.670000   8.832170
17.680000   8.300019
17.690000   7.843220
17.700000   7.493163
17.710000   7.257274
17.720000   7.119703
17.730000   7.046229
17.740000   6.995067
17.750000   6.932070
17.760000   6.844109
17.770000   6.743967
17.780000   6.662748
17.790000   6.634983
17.800000   6.684936
17.810000   6.821349
17.820000   7.039026
17.830000   7.325840
17.840000   7.671271
17.850000   8.067069
17.860000   8.500084
17.870000   8.947149
17.880000   9.378303
17.890000   9.764234
17.900000   10.078802
17.910000   10.299697
17.920000   10.415463
17.930000   10.433424
17.940000   10.380105
17.950000   10.292190
17.960000   10.202965
17.970000   10.133575
17.980000   10.095248
17.990000   10.096830
18.000000   10.144684
18.010000   10.235574
18.020000   10.353742
18.030000   10.473163
18.040000   10.558529
18.050000   10.569035
18.060000   10.469646
18.070000   10.247709
18.080000   9.925257
18.090000   9.556257
18.100000   9.210680
18.110000   8.957540
18.120000   8.854312
18.130000   8.940778
18.140000   9.236558
18.150000   9.742963
18.160000   10.446502
18.170000   11.321849
18.180000   12.332489
18.190000   13.428554
18.200000   14.538865
18.210000   15.563974
18.220000   16.387057
18.230000   16.907598
18.240000   17.082545
18.250000   16.948220
18.260000   16.608444
18.270000   16.197294
18.280000   15.841700
18.290000   15.638408
18.300000   15.642537
18.310000   15.861338
18.320000   16.256257
18.330000   16.755765
18.340000   17.273224
18.350000   17.718764
18.360000   18.004437
18.370000   18.052423
18.380000   17.810985
18.390000   17.274898
18.400000   16.495488
18.410000   15.568115
18.420000   14.601076
18.430000   13.688560
18.440000   12.899555
18.450000   12.276030
18.460000   11.830831
18.470000   11.545016
18.480000   11.374207
18.490000   11.270083
18.500000   11.204945
18.510000   11.178359
18.520000   11.200847
18.530000   11.274624
18.540000   11.388887
18.550000   11.531509
18.560000   11.703137
18.570000   11.916133
18.580000   12.177556
18.590000   12.471624
18.600000   12.755601
18.610000   12.972480
18.620000   13.072220
18.630000   13.027142
18.640000   12.837987
18.650000   12.532472
18.660000   12.156227
18.670000   11.760499
18.680000   11.392564
18.690000   11.087170
18.700000   10.860348
18.710000   10.711212
18.720000   10.633109
18.730000   10.622611
18.740000   10.678581
18.750000   10.796422
18.760000   10.968922
18.770000   11.189498
18.780000   11.449790
18.790000   11.733059
18.800000   12.014487
18.810000   12.269488
18.820000   12.482261
18.830000   12.650265
18.840000   12.786703
18.850000   12.920777
18.860000   13.090314
18.870000   13.325940
18.880000   13.636816
18.890000   14.009444
18.900000   14.417211
18.910000   14.828552
18.920000   15.206884
18.930000   15.506298
18.940000   15.673443
18.950000   15.663238
18.960000   15.460179
18.970000   15.086179
18.980000   14.588314
18.990000   14.020940
19.000000   13.434043
19.010000   12.865771
19.020000   12.337328
19.030000   11.855631
19.040000   11.420824
19.050000   11.033611
19.060000   10.698419
19.070000   10.423614
19.080000   10.220436
19.090000   10.101915
19.100000   10.081828
19.110000   10.172296
19.120000   10.379009
19.130000   10.695732
19.140000   11.102358
19.150000   11.567629
19.160000   12.051293
19.170000   12.507358
19.180000   12.890393
19.190000   13.159453
19.200000   13.281047
19.210000   13.238726
19.220000   13.045777
19.230000   12.742290
19.240000   12.373900
19.250000   11.974869
19.260000   11.570762
19.270000   11.190705
19.280000   10.868953
19.290000   10.632605
19.300000   10.491273
19.310000   10.437961
19.320000   10.457108
19.330000   10.531573
19.340000   10.645093
19.350000   10.781679
19.360000   10.925260
19.370000   11.061384
19.380000   11.177007
19.390000   11.258538
19.400000   11.292174
19.410000   11.270663
19.420000   11.198986
19.430000   11.089205
19.440000   10.946803
19.450000   10.763473
19.460000   10.522651
19.470000   10.212633
19.480000   9.832848
19.490000   9.393160
19.500000   8.912949
19.510000   8.421617
19.520000   7.956141
19.530000   7.554127
19.540000   7.245173
19.550000   7.044895
19.560000   6.952716
19.570000   6.953190
19.580000   7.020692
19.590000   7.128011
19.600000   7.256559
19.610000   7.400839
19.620000   7.564580
19.630000   7.752869
19.640000   7.966501
19.650000   8.199788
19.660000   8.442268
19.670000   8.682369
19.680000   8.909023
19.690000   9.110674
19.700000   9.273980
19.710000   9.384086
19.720000   9.427468
19.730000   9.396454
19.740000   9.293098
19.750000   9.128118
19.760000   8.917094
19.770000   8.677580
19.780000   8.425737
19.790000   8.173988
19.800000   7.931788
19.810000   7.709082
19.820000   7.517763
19.830000   7.368809
19.840000   7.267749
19.850000   7.210571
19.860000   7.184249
19.870000   7.172507
19.880000   7.164951
19.890000   7.163213
19.900000   7.181297
19.910000   7.240070
19.920000   7.358526
19.930000   7.546658
19.940000   7.801172
19.950000   8.103673
19.960000   8.421635
19.970000   8.712937
19.980000   8.934527
19.990000   9.055303
20.000000   9.066517
20.010000   8.984630
20.020000   8.843224
20.030000   8.679726
20.040000   8.523314
20.050000   8.389828
20.060000   8.283708
20.070000   8.204500
20.080000   8.152428
20.090000   8.129684
20.100000   8.138122
20.110000   8.176456
20.120000   8.239612
20.130000   8.319802
20.140000   8.406989
20.150000   8.489596
20.160000   8.556585
20.170000   8.600382
20.180000   8.620709
20.190000   8.625121
20.200000   8.626525
20.210000   8.636685
20.220000   8.661466
20.230000   8.701148
20.240000   8.754895
20.250000   8.824512
20.260000   8.914333
20.270000   9.027057
20.280000   9.159931
20.290000   9.303818
20.300000   9.444462
20.310000   9.565464
20.320000   9.651379
20.330000   9.689992
20.340000   9.673408
20.350000   9.598833
20.360000   9.466654
20.370000   9.274887
20.380000   9.017130
20.390000   8.688172
20.400000   8.292759
20.410000   7.848160
20.420000   7.378237
20.430000   6.905321
20.440000   6.447350
20.450000   6.019502
20.460000   5.636055
20.470000   5.309394
20.480000   5.048673
20.490000   4.859074
20.500000   4.741479
20.510000   4.693961
20.520000   4.714201
20.530000   4.801890
20.540000   4.957925
20.550000   5.181513
20.560000   5.466332
20.570000   5.798124
20.580000   6.153722
20.590000   6.502613
20.600000   6.811261
20.610000   7.049762
20.620000   7.197932
20.630000   7.249219
20.640000   7.210913
20.650000   7.099626
20.660000   6.933972
20.670000   6.728033
20.680000   6.489084
20.690000   6.220106
20.700000   5.924551
20.710000   5.610919
20.720000   5.294020
20.730000   4.991775
20.740000   4.720775
20.750000   4.493951
20.760000   4.320716
20.770000   4.208335
20.780000   4.162746
20.790000   4.187748
20.800000   4.283850
20.810000   4.447606
20.820000   4.672035
20.830000   4.948035
20.840000   5.265481
20.850000   5.612661
20.860000   5.973874
20.870000   6.327576
20.880000   6.647522
20.890000   6.908327
20.900000   7.092930
20.910000   7.197062
20.920000   7.227774
20.930000   7.197805
20.940000   7.120347
20.950000   7.008660
20.960000   6.879922
20.970000   6.756897
20.980000   6.664558
20.990000   6.623848
21.000000   6.646401
21.010000   6.732090
21.020000   6.868887
21.030000   7.034644
21.040000   7.201755
21.050000   7.343691
21.060000   7.440492
21.070000   7.480226
21.080000   7.457314
21.090000   7.370394
21.100000   7.221407
21.110000   7.014832
21.120000   6.758198
21.130000   6.462472
21.140000   6.143524
21.150000   5.822173
21.160000   5.522239
21.170000   5.266881
21.180000   5.074844
21.190000   4.958258
21.200000   4.921589
21.210000   4.961963
21.220000   5.069954
21.230000   5.231522
21.240000   5.430405
21.250000   5.650819
21.260000   5.877874
21.270000   6.098208
21.280000   6.301808
21.290000   6.484357
21.300000   6.647499
21.310000   6.796484
21.320000   6.938635
21.330000   7.082335
21.340000   7.236682
21.350000   7.410167
21.360000   7.609444
21.370000   7.837839
21.380000   8.093791
21.390000   8.370324
21.400000   8.656049
21.410000   8.937432
21.420000   9.200977
21.430000   9.434178
21.440000   9.626531
21.450000   9.772047
21.460000   9.871703
21.470000   9.932728
21.480000   9.964544
21.490000   9.975408
21.500000   9.971704
21.510000   9.958147
21.520000   9.936158
21.530000   9.901885
21.540000   9.844915
21.550000   9.749208
21.560000   9.596929
21.570000   9.375062
21.580000   9.081364
21.590000   8.725938
21.600000   8.327412
21.610000   7.906693
21.620000   7.482682
21.630000   7.070679
21.640000   6.682954
21.650000   6.329621
21.660000   6.018222
21.670000   5.754410
21.680000   5.542635
21.690000   5.385697
21.700000   5.283912
21.710000   5.234170
21.720000   5.230753
21.730000   5.266994
21.740000   5.336494
21.750000   5.434232
21.760000   5.556258
21.770000   5.698581
21.780000   5.854830
21.790000   6.015544
21.800000   6.170043
21.810000   6.309837
21.820000   6.431510
21.830000   6.537290
21.840000   6.633521
21.850000   6.727960
21.860000   6.827168
21.870000   6.934059
21.880000   7.047061
21.890000   7.160022
21.900000   7.263024
21.910000   7.345136
21.920000   7.398042
21.930000   7.418925
21.940000   7.411076
21.950000   7.381820
21.960000   7.339128
21.970000   7.289095
21.980000   7.235981
21.990000   7.183200
22.000000   7.133690
22.010000   7.088628
22.020000   7.046757
22.030000   7.005188
22.040000   6.961507
22.050000   6.915745
22.060000   6.871449
22.070000   6.835423
22.080000   6.816275
22.090000   6.822085
22.100000   6.857940
22.110000   6.924053
22.120000   7.015629
22.130000   7.124376
22.140000   7.240945
22.150000   7.355349
22.160000   7.456845
22.170000   7.533666
22.180000   7.575672
22.190000   7.577614
22.200000   7.540082
22.210000   7.467699
22.220000   7.366535
22.230000   7.243267
22.240000   7.106105
22.250000   6.965180
22.260000   6.830932
22.270000   6.711181
22.280000   6.608682
22.290000   6.522081
22.300000   6.448396
22.310000   6.385200
22.320000   6.330739
22.330000   6.284036
22.340000   6.245212
22.350000   6.216156
22.360000   6.199532
22.370000   6.196891
22.380000   6.207908
22.390000   6.230644
22.400000   6.263017
22.410000   6.302981
22.420000   6.347928
22.430000   6.394462
22.440000   6.438576
22.450000   6.476368
22.460000   6.505444
22.470000   6.526634
22.480000   6.545198
22.490000   6.570072
22.500000   6.611005
22.510000   6.675049
22.520000   6.763721
22.530000   6.872513
22.540000   6.992396
22.550000   7.112823
22.560000   7.224368
22.570000   7.319985
22.580000   7.395047
22.590000   7.446874
22.600000   7.475410
22.610000   7.484842
22.620000   7.484993
22.630000   7.491068
22.640000   7.520890
22.650000   7.591769
22.660000   7.716010
22.670000   7.897632
22.680000   8.130535
22.690000   8.398705
22.700000   8.679984
22.710000   8.950821
22.720000   9.190810
22.730000   9.384589
22.740000   9.521780
22.750000   9.596593
22.760000   9.608465
22.770000   9.563001
22.780000   9.471633
22.790000   9.348594
22.800000   9.207330
22.810000   9.058074
22.820000   8.907925
22.830000   8.762343
22.840000   8.626043
22.850000   8.503314
22.860000   8.398232
22.870000   8.314755
22.880000   8.255959
22.890000   8.222636
22.900000   8.212223
22.910000   8.218944
22.920000   8.234599
22.930000   8.250111
22.940000   8.257730
22.950000   8.253169
22.960000   8.235498
22.970000   8.205243
22.980000   8.161396
22.990000   8.099942
23.000000   8.015008
23.010000   7.901885
23.020000   7.760369
23.030000   7.596284
23.040000   7.420382
23.050000   7.245711
23.060000   7.085438
23.070000   6.950938
23.080000   6.849908
23.090000   6.785190
23.100000   6.754228
23.110000   6.749847
23.120000   6.760726
23.130000   6.772388
23.140000   6.768802
23.150000   6.735615
23.160000   6.663869
23.170000   6.553316
23.180000   6.412481
23.190000   6.255259
23.200000   6.095846
23.210000   5.944580
23.220000   5.806794
23.230000   5.683775
23.240000   5.575567
23.250000   5.482621
23.260000   5.405129
23.270000   5.341560
23.280000   5.287449
23.290000   5.236211
23.300000   5.181383
23.310000   5.118726
23.320000   5.047778
23.330000   4.971746
23.340000   4.896647
23.350000   4.829839
23.360000   4.778718
23.370000   4.749166
23.380000   4.744396
23.390000   4.764144
23.400000   4.804973
23.410000   4.861017
23.420000   4.925452
23.430000   4.991659
23.440000   5.054197
23.450000   5.109328
23.460000   5.155323
23.470000   5.192348
23.480000   5.222416
23.490000   5.248863
23.500000   5.275259
23.510000   5.303960
23.520000   5.334948
23.530000   5.365835
23.540000   5.393154
23.550000   5.414086
23.560000   5.427834
23.570000   5.435482
23.580000   5.438697
23.590000   5.438070
23.600000   5.432506
23.610000   5.419514
23.620000   5.396023
23.630000   5.359723
23.640000   5.310460
23.650000   5.251986
23.660000   5.191845
23.670000   5.139811
23.680000   5.105316
23.690000   5.095667
23.700000   5.115252
23.710000   5.165781
23.720000   5.246312
23.730000   5.352894
23.740000   5.478380
23.750000   5.612959
23.760000   5.745434
23.770000   5.864922
23.780000   5.962240
23.790000   6.030722
23.800000   6.065867
23.810000   6.065130
23.820000   6.027677
23.830000   5.954859
23.840000   5.850386
23.850000   5.720004
23.860000   5.570786
23.870000   5.410117
23.880000   5.244890
23.890000   5.081135
23.900000   4.924383
23.910000   4.780521
23.920000   4.655792
23.930000   4.556402
23.940000   4.486892
23.950000   4.449089
23.960000   4.441729
23.970000   4.461172
23.980000   4.502939
23.990000   4.562891
24.000000   4.637525
24.010000   4.723440
24.020000   4.817148
24.030000   4.915684
24.040000   5.017784
24.050000   5.124256
24.060000   5.237035
24.070000   5.357648
24.080000   5.486033
24.090000   5.619765
24.100000   5.754016
24.110000   5.882262
24.120000   5.997929
24.130000   6.095715
24.140000   6.172006
24.150000   6.224220
24.160000   6.249947
24.170000   6.246775
24.180000   6.212946
24.190000   6.148421
24.200000   6.055665
24.210000   5.939959
24.220000   5.808485
24.230000   5.668833
24.240000   5.527411
24.250000   5.388425
24.260000   5.253775
24.270000   5.123624
24.280000   4.997419
24.290000   4.875180
24.300000   4.758078
24.310000   4.648427
24.320000   4.549171
24.330000   4.463319
24.340000   4.393768
24.350000   4.343321
24.360000   4.314057
24.370000   4.306465
24.380000   4.318674
24.390000   4.346749
24.400000   4.385603
24.410000   4.430208
24.420000   4.476127
24.430000   4.519261
24.440000   4.555282
24.450000   4.579546
24.460000   4.588053
24.470000   4.578598
24.480000   4.551822
24.490000   4.510964
24.500000   4.461044
24.510000   4.407823
24.520000   4.357133
24.530000   4.314292
24.540000   4.283625
24.550000   4.267646
24.560000   4.266687
24.570000   4.278655
24.580000   4.299615
24.590000   4.324616
24.600000   4.348913
24.610000   4.368564
24.620000   4.381184
24.630000   4.386194
24.640000   4.385196
24.650000   4.381962
24.660000   4.381165
24.670000   4.387381
24.680000   4.403693
24.690000   4.430750
24.700000   4.466384
24.710000   4.506079
24.720000   4.543921
24.730000   4.574033
24.740000   4.591867
24.750000   4.595250
24.760000   4.584701
24.770000   4.563026
24.780000   4.534142
24.790000   4.501951
24.800000   4.469734
24.810000   4.439778
24.820000   4.413407
24.830000   4.390938
24.840000   4.371948
24.850000   4.355452
24.860000   4.340399
24.870000   4.325774
24.880000   4.310513
24.890000   4.293362
24.900000   4.272557
24.910000   4.245835
24.920000   4.210203
24.930000   4.162280
24.940000   4.098928
24.950000   4.018485
24.960000   3.921942
24.970000   3.813388
24.980000   3.699148
24.990000   3.586211
25.000000   3.480897
25.010000   3.388347
25.020000   3.312658
25.030000   3.257390
25.040000   3.225918
25.050000   3.221489
25.060000   3.247004
25.070000   3.304656
25.080000   3.395286
25.090000   3.517979
25.100000   3.669745
25.110000   3.845692
25.120000   4.039400
25.130000   4.243589
25.140000   4.450599
25.150000   4.652787
25.160000   4.842941
25.170000   5.014518
25.180000   5.162078
25.190000   5.281686
25.200000   5.370857
25.210000   5.428409
25.220000   5.454176
25.230000   5.448978
25.240000   5.414823
25.250000   5.355288
25.260000   5.275568
25.270000   5.182203
25.280000   5.082071
25.290000   4.981296
25.300000   4.884371
25.310000   4.793783
25.320000   4.710219
25.330000   4.632998
25.340000   4.560613
25.350000   4.491466
25.360000   4.424463
25.370000   4.359338
25.380000   4.296591
25.390000   4.236797
25.400000   4.180205
25.410000   4.126419
25.420000   4.074606
25.430000   4.023972
25.440000   3.974155
25.450000   3.925430
25.460000   3.878922
25.470000   3.836473
25.480000   3.800453
25.490000   3.773195
25.500000   3.756494
25.510000   3.750950
25.520000   3.755618
25.530000   3.767996
25.540000   3.784567
25.550000   3.801687
25.560000   3.816599
25.570000   3.827900
25.580000   3.835796
25.590000   3.841518
25.600000   3.846615
25.610000   3.852068
25.620000   3.857482
25.630000   3.860879
25.640000   3.859342
25.650000   3.849957
25.660000   3.831027
25.670000   3.802551
25.680000   3.765833
25.690000   3.722740
25.700000   3.675032
25.710000   3.624120
25.720000   3.571688
25.730000   3.520099
25.740000   3.472588
25.750000   3.432924
25.760000   3.404560
25.770000   3.390000
25.780000   3.390038
25.790000   3.403585
25.800000   3.427755
25.810000   3.458345
25.820000   3.490478
25.830000   3.519210
25.840000   3.540235
25.850000   3.550262
25.860000   3.547232
25.870000   3.530220
25.880000   3.499330
25.890000   3.455605
25.900000   3.400959
25.910000   3.338253
25.920000   3.271402
25.930000   3.204774
25.940000   3.142735
25.950000   3.088846
25.960000   3.045329
25.970000   3.012940
25.980000   2.991147
25.990000   2.978709
26.000000   2.974179
26.010000   2.976417
26.020000   2.984739
26.030000   2.998820
26.040000   3.018481
26.050000   3.043521
26.060000   3.073672
26.070000   3.108545
26.080000   3.147874
26.090000   3.191370
26.100000   3.238501
26.110000   3.288094
26.120000   3.338120
26.130000   3.385842
26.140000   3.428504
26.150000   3.463909
26.160000   3.490734
26.170000   3.508241
26.180000   3.515645
26.190000   3.511786
26.200000   3.495011
26.210000   3.463590
26.220000   3.416423
26.230000   3.353733
26.240000   3.277393
26.250000   3.190984
26.260000   3.099139
26.270000   3.006846
26.280000   2.918726
26.290000   2.838867
26.300000   2.770801
26.310000   2.717530
26.320000   2.681594
26.330000   2.664788
26.340000   2.668040
26.350000   2.691063
26.360000   2.732435
26.370000   2.789611
26.380000   2.859530
26.390000   2.939004
26.400000   3.025356
26.410000   3.116235
26.420000   3.209383
26.430000   3.302252
26.440000   3.391672
26.450000   3.473986
26.460000   3.545351
26.470000   3.602333
26.480000   3.642537
26.490000   3.665148
26.500000   3.671105
26.510000   3.662515
26.520000   3.642161
26.530000   3.612792
26.540000   3.576776
26.550000   3.536143
26.560000   3.492919
26.570000   3.449175
26.580000   3.406992
26.590000   3.367948
26.600000   3.332616
26.610000   3.300260
26.620000   3.269248
26.630000   3.237446
26.640000   3.203133
26.650000   3.165291
26.660000   3.123541
26.670000   3.077990
26.680000   3.029150
26.690000   2.977967
26.700000   2.925926
26.710000   2.874845
26.720000   2.826573
26.730000   2.782754
26.740000   2.744470
26.750000   2.712192
26.760000   2.685796
26.770000   2.664698
26.780000   2.647860
26.790000   2.633877
26.800000   2.621084
26.810000   2.607715
26.820000   2.592221
26.830000   2.573588
26.840000   2.551711
26.850000   2.527564
26.860000   2.503127
26.870000   2.481060
26.880000   2.464365
26.890000   2.456009
26.900000   2.458686
26.910000   2.474570
26.920000   2.505351
26.930000   2.552081
26.940000   2.615222
26.950000   2.694356
26.960000   2.788303
26.970000   2.894774
26.980000   3.010585
26.990000   3.131757
27.000000   3.254002
27.010000   3.373195
27.020000   3.486100
27.030000   3.590937
27.040000   3.687682
27.050000   3.777678
27.060000   3.863085
27.070000   3.945781
27.080000   4.026605
27.090000   4.104840
27.100000   4.178080
27.110000   4.242738
27.120000   4.294593
27.130000   4.329665
27.140000   4.344872
27.150000   4.338579
27.160000   4.310688
27.170000   4.262574
27.180000   4.197160
27.190000   4.118603
27.200000   4.031894
27.210000   3.942117
27.220000   3.853789
27.230000   3.770021
27.240000   3.692367
27.250000   3.620903
27.260000   3.554490
27.270000   3.491365
27.280000   3.429559
27.290000   3.367619
27.300000   3.305058
27.310000   3.242472
27.320000   3.181540
27.330000   3.124572
27.340000   3.074210
27.350000   3.033042
27.360000   3.003485
27.370000   2.987645
27.380000   2.987174
27.390000   3.002994
27.400000   3.035027
27.410000   3.081926
27.420000   3.140974
27.430000   3.208181
27.440000   3.278791
27.450000   3.348004
27.460000   3.411732
27.470000   3.467260
27.480000   3.513256
27.490000   3.549632
27.500000   3.577194
27.510000   3.596995
27.520000   3.610026
27.530000   3.616914
27.540000   3.618025
27.550000   3.613608
27.560000   3.604039
27.570000   3.589967
27.580000   3.572420
27.590000   3.552787
27.600000   3.532733
27.610000   3.513974
27.620000   3.497976
27.630000   3.485745
27.640000   3.477719
27.650000   3.473764
27.660000   3.473154
27.670000   3.474848
27.680000   3.477478
27.690000   3.479634
27.700000   3.480204
27.710000   3.478565
27.720000   3.474819
27.730000   3.469630
27.740000   3.464262
27.750000   3.460161
27.760000   3.458759
27.770000   3.461211
27.780000   3.467950
27.790000   3.478495
27.800000   3.491585
27.810000   3.505417
27.820000   3.518117
27.830000   3.528244
27.840000   3.534987
27.850000   3.538263
27.860000   3.538680
27.870000   3.537452
27.880000   3.536424
27.890000   3.537749
27.900000   3.543686
27.910000   3.556021
27.920000   3.575683
27.930000   3.602401
27.940000   3.634585
27.950000   3.669357
27.960000   3.702810
27.970000   3.730366
27.980000   3.747263
27.990000   3.749137
28.000000   3.732657
28.010000   3.696042
28.020000   3.639411
28.030000   3.564797
28.040000   3.475770
28.050000   3.376777
28.060000   3.272470
28.070000   3.167211
28.080000   3.064681
28.090000   2.967936
28.100000   2.879313
28.110000   2.800491
28.120000   2.732514
28.130000   2.675781
28.140000   2.630078
28.150000   2.594643
28.160000   2.568263
28.170000   2.549263
28.180000   2.535914
28.190000   2.526494
28.200000   2.519559
28.210000   2.514067
28.220000   2.509422
28.230000   2.505527
28.240000   2.502700
28.250000   2.501603
28.260000   2.503037
28.270000   2.507778
28.280000   2.516458
28.290000   2.529457
28.300000   2.546739
28.310000   2.567760
28.320000   2.591560
28.330000   2.616668
28.340000   2.641273
28.350000   2.663567
28.360000   2.681889
28.370000   2.695150
28.380000   2.703116
28.390000   2.706440
28.400000   2.706475
28.410000   2.704802
28.420000   2.702773
28.430000   2.701259
28.440000   2.700547
28.450000   2.700486
28.460000   2.700599
28.470000   2.700360
28.480000   2.699381
28.490000   2.697554
28.500000   2.695100
28.510000   2.692504
28.520000   2.690328
28.530000   2.689058
28.540000   2.688945
28.550000   2.690022
28.560000   2.692113
28.570000   2.694884
28.580000   2.697875
28.590000   2.700496
28.600000   2.702077
28.610000   2.701968
28.620000   2.699598
28.630000   2.694494
28.640000   2.686376
28.650000   2.675077
28.660000   2.660720
28.670000   2.643777
28.680000   2.625044
28.690000   2.605642
28.700000   2.586764
28.710000   2.569545
28.720000   2.554857
28.730000   2.543197
28.740000   2.534751
28.750000   2.529494
28.760000   2.527348
28.770000   2.528282
28.780000   2.532292
28.790000   2.539343
28.800000   2.549294
28.810000   2.561930
28.820000   2.576930
28.830000   2.593903
28.840000   2.612342
28.850000   2.631471
28.860000   2.650183
28.870000   2.667015
28.880000   2.680198
28.890000   2.687876
28.900000   2.688480
28.910000   2.680911
28.920000   2.664924
28.930000   2.641025
28.940000   2.610447
28.950000   2.574829
28.960000   2.536080
28.970000   2.496087
28.980000   2.456643
28.990000   2.419392
29.000000   2.385861
29.010000   2.357372
29.020000   2.335007
29.030000   2.319567
29.040000   2.311523
29.050000   2.311117
29.060000   2.318274
29.070000   2.332731
29.080000   2.354031
29.090000   2.381630
29.100000   2.414885
29.110000   2.453020
29.120000   2.495048
29.130000   2.539516
29.140000   2.584495
29.150000   2.627621
29.160000   2.666363
29.170000   2.698401
29.180000   2.721911
29.190000   2.735705
29.200000   2.739308
29.210000   2.732947
29.220000   2.717588
29.230000   2.694980
29.240000   2.667578
29.250000   2.638378
29.260000   2.610471
29.270000   2.586643
29.280000   2.568954
29.290000   2.558618
29.300000   2.555824
29.310000   2.559951
29.320000   2.569777
29.330000   2.583804
29.340000   2.600512
29.350000   2.618604
29.360000   2.637111
29.370000   2.655516
29.380000   2.673669
29.390000   2.691670
29.400000   2.709768
29.410000   2.728151
29.420000   2.747072
29.430000   2.766827
29.440000   2.787939
29.450000   2.811085
29.460000   2.837045
29.470000   2.866368
29.480000   2.899225
29.490000   2.935346
29.500000   2.974232
29.510000   3.015175
29.520000   3.057395
29.530000   3.100078
29.540000   3.142325
29.550000   3.183143
29.560000   3.221607
29.570000   3.256965
29.580000   3.288839
29.590000   3.317176
29.600000   3.342181
29.610000   3.364074
29.620000   3.382886
29.630000   3.398290
29.640000   3.409644
29.650000   3.416191
29.660000   3.417309
29.670000   3.412761
29.680000   3.402858
29.690000   3.388201
29.700000   3.369511
29.710000   3.347338
29.720000   3.321930
29.730000   3.293393
29.740000   3.261831
29.750000   3.227542
29.760000   3.191086
29.770000   3.153126
29.780000   3.114263
29.790000   3.074778
29.800000   3.034463
29.810000   2.992619
29.820000   2.948185
29.830000   2.900002
29.840000   2.847246
29.850000   2.789790
29.860000   2.728394
29.870000   2.664674
29.880000   2.600894
29.890000   2.539509
29.900000   2.482823
29.910000   2.432741
29.920000   2.390611
29.930000   2.357270
29.940000   2.333120
29.950000   2.318235
29.960000   2.312481
29.970000   2.315457
29.980000   2.326427
29.990000   2.344337
